200 200
39
10
8
38
26
58
15
58
21
2
45
8
51
19
21
8
8
58
11
12
31
37
49
1
27
2
22
47
59
4
34
51
57
19
47
2
44
33
10
31
46
31
17
17
18
52
16
37
30
6
14
54
55
27
42
41
55
20
26
5
34
9
58
38
19
6
38
60
33
56
46
51
51
54
43
4
5
54
45
12
5
13
56
41
19
58
28
15
49
20
16
31
54
54
24
33
25
4
32
48
23
60
30
9
28
41
36
54
2
19
44
28
2
29
14
39
24
17
58
38
40
59
41
22
22
8
8
50
3
13
57
56
6
11
41
57
37
55
27
46
10
33
60
50
18
19
27
60
36
55
5
59
23
0
59
55
45
26
56
14
57
36
54
20
22
2
21
30
44
8
52
17
51
51
2
22
15
46
55
16
29
44
51
47
1
12
19
47
46
46
12
10
6
11
15
58
52
29
27
29
52 56 11
19 35 30
13 17 51
11 53 72
1 24 30
0 33 81
40 40 95
22 59 56
37 38 65
3 15 60
6 41 20
5 54 85
27 49 48
17 18 50
7 43 11
23 33 92
4 10 32
8 35 19
4 28 63
34 42 13
45 52 65
31 51 46
23 30 17
0 50 86
53 56 58
51 53 27
5 30 37
17 47 35
3 52 69
23 55 82
3 55 46
26 49 58
38 41 8
12 58 16
44 46 69
13 22 99
32 48 77
18 18 70
35 44 34
33 45 75
37 46 16
46 51 31
12 42 65
37 44 62
46 55 45
26 46 44
7 51 77
44 44 5
3 40 3
10 45 59
15 47 85
11 45 74
28 53 44
20 27 79
29 44 0
18 23 46
2 7 46
20 42 76
10 51 35
0 0 90
17 52 34
14 22 21
14 22 85
31 49 5
9 46 17
6 18 11
55 56 38
7 45 2
21 50 24
34 52 54
25 60 25
11 29 88
40 59 98
32 37 4
7 26 0
44 49 44
12 21 51
16 16 49
21 54 93
17 17 0
11 20 46
26 38 88
50 60 34
16 48 8
13 43 27
13 53 70
3 17 61
7 48 4
12 43 5
13 28 3
22 27 91
51 55 42
8 42 51
34 42 16
13 43 9
8 38 38
25 39 34
16 57 54
42 44 54
0 21 88
29 44 50
25 55 93
41 58 79
3 32 82
23 55 6
19 22 40
18 39 42
20 44 81
33 55 77
47 52 24
5 54 98
48 59 72
22 32 39
20 46 12
1 20 63
5 53 5
31 60 98
15 48 89
21 35 75
20 35 45
51 51 99
20 30 28
25 58 78
11 14 95
18 51 18
9 46 66
7 20 56
36 54 68
23 53 67
7 60 10
33 42 22
37 47 84
21 58 25
0 29 73
33 44 0
8 21 42
12 40 22
17 44 69
32 32 76
3 52 54
44 44 29
38 59 78
18 23 87
3 55 10
7 26 80
31 49 55
50 60 37
7 11 26
4 19 5
5 23 72
1 7 65
28 50 71
17 47 10
6 22 12
3 25 61
25 52 86
38 39 21
22 58 5
3 20 62
30 59 77
7 60 47
8 13 22
5 21 10
0 21 61
4 34 56
14 50 67
10 40 51
5 12 4
10 42 67
0 30 39
29 53 38
5 19 71
37 57 78
15 32 37
27 38 52
48 50 29
10 49 4
22 57 43
15 19 95
21 56 87
11 36 6
45 53 89
9 54 56
27 31 95
2 39 43
21 35 64
14 60 91
20 59 48
4 34 95
11 52 90
12 21 89
9 55 40
5 30 26
20 44 94
8 30 72
0 17 88
13 41 10
11 38 87
4 59 0
30 54 3