50 100
8244 3
4947 4
5680 3
9561 1
8866 4
5875 3
5449 1
8854 2
9788 3
196 3
5460 2
7525 1
2700 3
8601 1
5900 1
9473 3
1427 2
7232 3
8951 1
7489 1
1235 2
5397 1
463 4
3101 1
1742 1
8055 3
187 1
7361 4
8520 4
4532 1
3722 3
894 3
5229 1
8813 2
2575 4
9968 1
7855 4
8046 2
2735 2
9097 4
2726 1
1717 1
4026 3
2534 4
7273 3
6377 1
9003 1
2755 2
9569 3
2852 1
7 24
10 41
38 42
4 36
19 50
13 23
35 41
13 14
7 17
14 25
31 37
12 30
15 28
26 46
6 44
14 45
8 48
6 8
6 22
3 17
2 20
10 35
15 46
11 48
14 47
21 23
3 49
10 16
2 36
24 32
12 23
17 38
8 22
11 22
20 27
32 43
34 44
28 46
11 28
12 16
45 47
4 38
9 20
33 36
2 9
18 35
15 26
32 38
44 48
15 43
4 49
22 26
33 49
7 43
16 23
38 49
20 29
26 43
7 32
3 42
31 34
24 46
25 45
35 39
1 47
26 28
18 41
9 49
8 34
16 40
10 30
3 38
29 36
19 37
23 45
2 29
12 21
22 28
10 40
29 39
17 42
21 40
31 44
6 11
30 40
17 32
9 36
25 47
12 40
5 35
24 43
4 33
9 29
1 45
20 39
19 34
5 27
32 42
27 39
3 4